[1990]   [1]  276.74615   
[1990]   [2]  280.38818   
[1990]   [3]  282.6789   
[1990]   [4]  283.4358   
[1990]   [5]  289.6418   
[1990]   [6]  291.34448   
[1990]   [7]  293.84976   
[1990]   [8]  294.12073   
[1990]   [9]  289.6087   
[1990]   [10]  286.8277   
[1990]   [11]  281.59503   
[1990]   [12]  276.80756   
[1991]   [1]  276.79822   
[1991]   [2]  275.0808   
[1991]   [3]  282.33533   
[1991]   [4]  283.1449   
[1991]   [5]  285.22668   
[1991]   [6]  291.24957   
[1991]   [7]  295.43646   
[1991]   [8]  295.26038   
[1991]   [9]  292.30182   
[1991]   [10]  284.48248   
[1991]   [11]  280.45483   
[1991]   [12]  275.47168   
[1992]   [1]  276.21436   
[1992]   [2]  277.67267   
[1992]   [3]  279.9845   
[1992]   [4]  283.96277   
[1992]   [5]  289.5141   
[1992]   [6]  291.48972   
[1992]   [7]  294.3106   
[1992]   [8]  296.86774   
[1992]   [9]  291.14658   
[1992]   [10]  285.28027   
[1992]   [11]  282.77362   
[1992]   [12]  277.8711   
[1993]   [1]  276.9536   
[1993]   [2]  276.8249   
[1993]   [3]  279.1164   
[1993]   [4]  283.99936   
[1993]   [5]  290.37347   
[1993]   [6]  292.7577   
[1993]   [7]  293.534   
[1993]   [8]  295.2709   
[1993]   [9]  289.91803   
[1993]   [10]  286.54712   
[1993]   [11]  278.80792   
[1993]   [12]  278.86636   
[1994]   [1]  279.11902   
[1994]   [2]  277.53003   
[1994]   [3]  283.0749   
[1994]   [4]  283.77087   
[1994]   [5]  288.90784   
[1994]   [6]  292.59677   
[1994]   [7]  296.92392   
[1994]   [8]  296.44672   
[1994]   [9]  291.77185   
[1994]   [10]  284.90283   
[1994]   [11]  283.70197   
[1994]   [12]  278.75217   
[1995]   [1]  277.10437   
[1995]   [2]  279.5819   
[1995]   [3]  279.60263   
[1995]   [4]  283.66846   
[1995]   [5]  288.09784   
[1995]   [6]  290.7143   
[1995]   [7]  296.4563   
[1995]   [8]  293.82056   
[1995]   [9]  289.15308   
[1995]   [10]  287.49908   
[1995]   [11]  280.8721   
[1995]   [12]  277.40802   
[1996]   [1]  276.4657   
[1996]   [2]  274.94513   
[1996]   [3]  277.7351   
[1996]   [4]  283.96854   
[1996]   [5]  289.10425   
[1996]   [6]  293.22025   
[1996]   [7]  293.09674   
[1996]   [8]  293.7221   
[1996]   [9]  288.10748   
[1996]   [10]  286.01575   
[1996]   [11]  282.6521   
[1996]   [12]  276.38904   
[1997]   [1]  277.0843   
[1997]   [2]  279.0423   
[1997]   [3]  282.0243   
[1997]   [4]  282.09305   
[1997]   [5]  289.1996   
[1997]   [6]  292.55823   
[1997]   [7]  293.75165   
[1997]   [8]  294.40585   
[1997]   [9]  291.35843   
[1997]   [10]  284.99017   
[1997]   [11]  281.4303   
[1997]   [12]  278.46387   
[1998]   [1]  278.48996   
[1998]   [2]  279.62604   
[1998]   [3]  279.75208   
[1998]   [4]  284.1618   
[1998]   [5]  289.0359   
[1998]   [6]  293.23816   
[1998]   [7]  295.25763   
[1998]   [8]  295.6994   
[1998]   [9]  290.09247   
[1998]   [10]  286.34723   
[1998]   [11]  279.42377   
[1998]   [12]  275.19162   
[1999]   [1]  277.10855   
[1999]   [2]  275.901   
[1999]   [3]  281.05316   
[1999]   [4]  284.4952   
[1999]   [5]  289.85583   
[1999]   [6]  292.87354   
[1999]   [7]  294.852   
[1999]   [8]  294.83264   
[1999]   [9]  292.33817   
[1999]   [10]  286.76562   
[1999]   [11]  279.6828   
[1999]   [12]  277.02896   
[2000]   [1]  274.40247   
[2000]   [2]  278.2957   
[2000]   [3]  280.60785   
[2000]   [4]  285.9176   
[2000]   [5]  290.29285   
[2000]   [6]  293.78113   
[2000]   [7]  293.19867   
[2000]   [8]  295.8248   
[2000]   [9]  290.80603   
[2000]   [10]  287.6878   
[2000]   [11]  283.9132   
[2000]   [12]  280.06787   
[2001]   [1]  278.73773   
[2001]   [2]  279.06918   
[2001]   [3]  282.6663   
[2001]   [4]  283.65402   
[2001]   [5]  290.77527   
[2001]   [6]  291.86133   
[2001]   [7]  295.01923   
[2001]   [8]  296.20844   
[2001]   [9]  288.6023   
[2001]   [10]  288.6397   
[2001]   [11]  280.00885   
[2001]   [12]  274.5603   
[2002]   [1]  275.62793   
[2002]   [2]  279.07715   
[2002]   [3]  282.27423   
[2002]   [4]  284.0221   
[2002]   [5]  289.86462   
[2002]   [6]  294.26855   
[2002]   [7]  295.0331   
[2002]   [8]  294.17798   
[2002]   [9]  289.7272   
[2002]   [10]  286.56403   
[2002]   [11]  284.48447   
[2002]   [12]  278.39447   
[2003]   [1]  275.8727   
[2003]   [2]  274.96664   
[2003]   [3]  280.74612   
[2003]   [4]  283.435   
[2003]   [5]  291.33026   
[2003]   [6]  297.16907   
[2003]   [7]  296.62888   
[2003]   [8]  298.2063   
[2003]   [9]  290.21954   
[2003]   [10]  284.07547   
[2003]   [11]  282.75336   
[2003]   [12]  278.35394   
[2004]   [1]  275.2248   
[2004]   [2]  276.83005   
[2004]   [3]  279.35538   
[2004]   [4]  284.21625   
[2004]   [5]  287.2553   
[2004]   [6]  292.3329   
[2004]   [7]  294.72217   
[2004]   [8]  294.7608   
[2004]   [9]  290.63916   
[2004]   [10]  287.7382   
[2004]   [11]  282.0608   
[2004]   [12]  278.52936   
[2005]   [1]  276.00214   
[2005]   [2]  275.22772   
[2005]   [3]  279.18158   
[2005]   [4]  283.58392   
[2005]   [5]  289.33853   
[2005]   [6]  293.39798   
[2005]   [7]  294.80435   
[2005]   [8]  292.70056   
[2005]   [9]  290.93842   
[2005]   [10]  286.38773   
[2005]   [11]  280.89124   
[2005]   [12]  276.77042   
[2006]   [1]  274.34402   
[2006]   [2]  276.05115   
[2006]   [3]  278.70013   
[2006]   [4]  284.5484   
[2006]   [5]  288.71094   
[2006]   [6]  293.23206   
[2006]   [7]  297.85638   
[2006]   [8]  292.3973   
[2006]   [9]  292.07486   
[2006]   [10]  288.3899   
[2006]   [11]  283.35263   
[2006]   [12]  279.9979   
[2007]   [1]  279.85187   
[2007]   [2]  280.2837   
[2007]   [3]  282.6546   
[2007]   [4]  287.64044   
[2007]   [5]  291.0093   
[2007]   [6]  294.19385   
[2007]   [7]  295.5594   
[2007]   [8]  294.16284   
[2007]   [9]  289.16302   
[2007]   [10]  285.23096   
[2007]   [11]  280.69455   
[2007]   [12]  277.12952   
[2008]   [1]  278.61047   
[2008]   [2]  278.08322   
[2008]   [3]  280.1514   
[2008]   [4]  284.106   
[2008]   [5]  289.8285   
[2008]   [6]  293.5746   
[2008]   [7]  295.2827   
[2008]   [8]  295.07602   
[2008]   [9]  289.87207   
[2008]   [10]  287.04486   
[2008]   [11]  282.06305   
[2008]   [12]  277.9452   
[2009]   [1]  275.8271   
[2009]   [2]  277.6242   
[2009]   [3]  280.58807   
[2009]   [4]  286.2834   
[2009]   [5]  291.24258   
[2009]   [6]  292.39615   
[2009]   [7]  295.33032   
[2009]   [8]  296.21045   
[2009]   [9]  292.41864   
[2009]   [10]  286.1709   
[2009]   [11]  282.75848   
[2009]   [12]  277.67004   
[2010]   [1]  274.85547   
[2010]   [2]  277.21875   
[2010]   [3]  279.80206   
[2010]   [4]  285.0345   
[2010]   [5]  288.6488   
[2010]   [6]  293.23218   
[2010]   [7]  296.2118   
[2010]   [8]  294.14136   
[2010]   [9]  289.7669   
[2010]   [10]  284.96277   
[2010]   [11]  282.68954   
[2010]   [12]  276.63763   
[2011]   [1]  276.8683   
[2011]   [2]  277.53064   
[2011]   [3]  280.45035   
[2011]   [4]  286.49048   
[2011]   [5]  290.0396   
[2011]   [6]  293.3419   
[2011]   [7]  294.2303   
[2011]   [8]  296.11203   
[2011]   [9]  293.74866   
[2011]   [10]  285.56885   
[2011]   [11]  280.92233   
[2011]   [12]  279.32495   
[2012]   [1]  276.41824   
[2012]   [2]  273.5911   
[2012]   [3]  282.7124   
[2012]   [4]  284.29947   
[2012]   [5]  288.8604   
[2012]   [6]  294.27112   
[2012]   [7]  296.21716   
[2012]   [8]  296.84845   
[2012]   [9]  291.7152   
[2012]   [10]  286.92795   
[2012]   [11]  283.84985   
[2012]   [12]  276.94482   
[2013]   [1]  277.13623   
[2013]   [2]  276.32147   
[2013]   [3]  279.04028   
[2013]   [4]  285.0061   
[2013]   [5]  288.21716   
[2013]   [6]  292.9126   
[2013]   [7]  297.0134   
[2013]   [8]  295.92496   
[2013]   [9]  290.95248   
[2013]   [10]  287.3202   
[2013]   [11]  282.6242   
[2013]   [12]  279.52313   
[2014]   [1]  280.11118   
[2014]   [2]  280.36566   
[2014]   [3]  283.23285   
[2014]   [4]  286.17914   
[2014]   [5]  288.63013   
[2014]   [6]  293.45822   
[2014]   [7]  294.19537   
[2014]   [8]  293.8476   
[2014]   [9]  290.65543   
[2014]   [10]  288.2389   
[2014]   [11]  284.70197   
[2014]   [12]  279.13086   
[2015]   [1]  278.503   
[2015]   [2]  277.4635   
[2015]   [3]  281.37695   
[2015]   [4]  284.70526   
[2015]   [5]  289.97357   
[2015]   [6]  294.08575   
[2015]   [7]  298.0205   
[2015]   [8]  296.28674   
[2015]   [9]  291.2879   
[2015]   [10]  286.2764   
[2015]   [11]  282.14172   
[2015]   [12]  279.1411   
[2016]   [1]  277.0551   
[2016]   [2]  280.17905   
[2016]   [3]  281.35397   
[2016]   [4]  285.60382   
[2016]   [5]  288.64532   
[2016]   [6]  293.30194   
[2016]   [7]  296.621   
[2016]   [8]  294.80157   
[2016]   [9]  292.75922   
[2016]   [10]  285.82587   
[2016]   [11]  282.30396   
[2016]   [12]  277.1726   
[2017]   [1]  273.73523   
[2017]   [2]  279.0088   
[2017]   [3]  283.15076   
[2017]   [4]  285.30478   
[2017]   [5]  289.72687   
[2017]   [6]  295.1006   
[2017]   [7]  296.039   
[2017]   [8]  296.88748   
[2017]   [9]  289.4627   
[2017]   [10]  286.7531   
[2017]   [11]  281.61642   
[2017]   [12]  278.0401   
[2018]   [1]  279.71982   
[2018]   [2]  275.23883   
[2018]   [3]  279.28595   
[2018]   [4]  287.5835   
[2018]   [5]  291.65033   
[2018]   [6]  294.08746   
[2018]   [7]  295.7245   
[2018]   [8]  296.9894   
[2018]   [9]  292.43976   
[2018]   [10]  288.47736   
[2018]   [11]  283.28128   
[2018]   [12]  278.32434   
[2019]   [1]  276.2339   
[2019]   [2]  279.4183   
[2019]   [3]  282.49826   
[2019]   [4]  285.24374   
[2019]   [5]  286.57855   
[2019]   [6]  296.4513   
[2019]   [7]  296.62915   
[2019]   [8]  296.9403   
[2019]   [9]  291.7699   
[2019]   [10]  287.97833   
[2019]   [11]  283.9381   
[2019]   [12]  280.07574   
[2020]   [1]  278.1698   
[2020]   [2]  280.65637   
[2020]   [3]  281.17624   
[2020]   [4]  285.67682   
[2020]   [5]  289.06448   
[2020]   [6]  292.5107   
[2020]   [7]  295.1477   
[2020]   [8]  296.29602   
[2020]   [9]  292.25052   
[2020]   [10]  286.4073   
[2020]   [11]  281.72498   
[2020]   [12]  279.30493   
[2021]   [1]  277.11847   
[2021]   [2]  279.82825   
[2021]   [3]  280.41675   
[2021]   [4]  283.0428   
[2021]   [5]  287.49054   
[2021]   [6]  295.30286   
[2021]   [7]  296.60983   
[2021]   [8]  295.06555   
[2021]   [9]  292.08862   
[2021]   [10]  285.61572   
[2021]   [11]  282.13934   
[2021]   [12]  277.9713   
[2022]   [1]  277.241   
[2022]   [2]  279.34433   
[2022]   [3]  280.12158   
[2022]   [4]  283.80734   
[2022]   [5]  290.92822   
[2022]   [6]  295.7059   
[2022]   [7]  297.5592   
[2022]   [8]  296.78613   
[2022]   [9]  290.9572   
[2022]   [10]  289.38214   
[2022]   [11]  283.50415   
[2022]   [12]  279.7413   
[2023]   [1]  279.00488   
[2023]   [2]  278.0928   
[2023]   [3]  282.10394   
[2023]   [4]  283.67508   
[2023]   [5]  289.42453   
[2023]   [6]  293.9383   
[2023]   [7]  296.1645   
[2023]   [8]  296.0265   
[2023]   [9]  293.7115   
[2023]   [10]  289.76755   
[2023]   [11]  282.7339   
[2023]   [12]  280.06934   
